#U ADC  << this is the unit
#             eta             phi             dep             det     cap0     cap1     cap2     cap3 widthcap0 widthcap1 widthcap2 widthcap3      DetId
               29              39               3              HF  4.50000  3.55650  3.99675  5.01000  0.70392  0.73506  0.71536  0.69778   49387427
               29              39               4              HF  4.11475  4.31100  4.37350  4.61290  0.69252  0.68028  0.67970  0.66843   49487427
               30              39               2              HF  5.12625  4.97775  4.60975  5.39325  0.69485  0.72025  0.73584  0.69972   49287827
               30              39               3              HF  4.04075  3.15979  4.21975  4.06550  0.74705  0.75091  0.73312  0.73703   49387827
               30              39               4              HF  4.38675  4.72000  4.41710  4.01300  0.70829  0.69505  0.68970  0.67958   49487827
               31              39               3              HF  3.95675  2.46460  2.48950  2.76338  0.75722  0.71760  0.73884  0.73540   49387C27
               31              39               4              HF  4.06902  3.60140  3.89275  3.69385  0.70488  0.72958  0.71397  0.71244   49487C27
               32              39               3              HF  4.02375  2.69775  2.69960  3.43172  0.73701  0.73102  0.72789  0.74397   49388027
               32              39               4              HF  5.14357  5.84771  4.28439  5.54013  0.74476  0.72712  0.75246  0.72901   49488027
               33              39               3              HF  4.58890  4.50125  4.95024  5.12581  0.72847  0.74138  0.73784  0.73464   49388427
               33              39               4              HF  4.19150  3.57229  4.29132  3.53113  0.71995  0.71687  0.71835  0.70363   49488427
               34              39               2              HF  5.43250  4.53350  4.68525  4.05828  0.71165  0.72172  0.71741  0.74137   49288827
               34              39               3              HF  3.75106  4.83967  4.34342  4.40991  0.74716  0.78126  0.74743  0.75347   49388827
               34              39               4              HF  3.21175  3.49500  2.75150  4.08754  0.71057  0.72049  0.71221  0.74305   49488827
               35              39               3              HF  5.67976  5.17938  5.89142  5.40150  0.71056  0.73519  0.70469  0.73369   49388C27
               35              39               4              HF  5.29765  4.75100  5.23443  4.44086  0.73704  0.72319  0.74145  0.72565   49488C27
               36              39               3              HF  4.35859  4.17438  5.00425  4.30800  0.74336  0.74551  0.74642  0.73664   49389027
               36              39               4              HF  4.25575  3.63550  4.12050  3.57314  0.72342  0.72639  0.71832  0.72988   49489027
               37              39               3              HF  3.80175  2.80595  3.21855  3.81120  0.71024  0.73211  0.71019  0.70763   49389427
               37              39               4              HF  3.55914  3.43686  3.97199  3.44411  0.72909  0.73320  0.71578  0.74058   49489427
               38              39               3              HF  4.56289  4.72193  4.92725  5.26532  0.71247  0.73371  0.71306  0.73076   49389827
               38              39               4              HF  4.79340  3.79000  4.10100  4.04351  0.71700  0.72035  0.71295  0.71326   49489827
               39              39               3              HF  4.38875  4.20100  4.29357  4.12900  0.70294  0.69000  0.69279  0.69739   49389C27
               39              39               4              HF  3.18100  3.44336  2.43625  3.00550  0.71045  0.70488  0.69277  0.72886   49489C27
               41              39               3              HF  4.97950  4.82566  4.06525  4.91266  0.73635  0.72293  0.71168  0.72121   4938A427
               41              39               4              HF  2.90523  2.54766  3.17709  2.80770  0.73137  0.72072  0.72555  0.73138   4948A427
